Eigvals	36
2.983143425062779	1.266663647673964	0.681629693268217	0.6001285480673804	0.3108243588130258	0.12958332916931972	0.1166356796801726	0.09124503499720034	0.08229989101473187	0.07127621184558694	0.06816309842052427	0.05752224793233335	0.051826277725081714	0.05132924540939123	0.04674241680251617	0.04538066963508912	0.04336523342465651	0.04084244023205068	0.038437366687679886	0.038345473379106466	0.03590925917835498	0.033307963071894174	0.031252171646478505	0.028876831930233972	0.025935673888698264	0.025387195495673393	0.02266596017611971	0.019461303753143217	0.01673142084315818	0.015059062288299724	0.013957084608739526	0.011943949823753448	0.009470539346157117	0.0038176419770479223	0.00031404223707992714	0.0

Proportion explained	36
0.4196011212117487	0.17816558275302294	0.09587624287308452	0.08441250578991263	0.04371973816683783	0.01822685082888812	0.016405668448899628	0.012834287037011904	0.011576086572055945	0.010025524805434059	0.009587642445289691	0.008090928355722397	0.007289748142504453	0.007219836882056824	0.006574665614030917	0.00638312583305398	0.006099639867705035	0.005744790401430883	0.005406499071776338	0.005393573600280293	0.005050902107666492	0.004685010627657703	0.004395848403731523	0.00406173935626793	0.003648043788860419	0.003570896258258932	0.00318813444346563	0.002737375885602771	0.002353397723445714	0.0021181681602972713	0.001963166873396676	0.001680004620508096	0.0013321011972610335	0.0005369794963581525	4.417235647455004e-05	0.0

Species	0	0

Site	36	36
SRR17307258	0.09076765189970012	0.15192033712111952	-0.16905684485151978	0.03631506895590214	-0.11822555443307396	0.10762574613527488	-0.059709491623920335	0.01256032919960936	-0.04369950238898454	-0.005323200473299987	-0.0310763167007078	0.010783413003613714	0.0056478925255390635	-0.0092541528978496	0.013010555579088222	0.0007432490719372643	0.026526087095919682	-0.015028875673241805	-7.651716083038983e-05	-0.04748123265748819	0.01975235004025036	-0.04517945285408501	0.02195011464903762	0.030864156856291545	0.02475908624973238	-0.02209418467980112	0.0860629505493981	0.004965766277173357	-0.0062353159327010466	0.023671101249280804	0.03169280989169368	0.007957538942655377	0.006044651345605426	0.0006873244908648046	-0.0007834784808142325	-0.0
SRR17307262	0.17441655057387773	0.4310455753640785	0.20941591767096268	-0.14363121957556077	0.08229079927243932	-0.022016571567425005	0.026385882104029524	-0.0010077074058942083	-0.01762080821247272	0.028156966510569353	-0.006662887831601205	-0.00976752327874984	0.03024169522058876	-0.03418412855931733	-0.017800022530719703	0.025635428158892835	-0.009524062093867127	0.00715052801362765	0.044855982339419766	-0.04251701539601655	0.026688410862081215	-0.03500929421878411	-0.016427534904837806	0.011591799563372022	0.026833000456829504	-0.005084093613241588	-0.05943932140017259	0.031652201764687436	-0.0121736260322156	0.005012870300930809	0.04593487772884778	-0.019888275636660114	0.0012727532237621932	0.0021835727715614813	-0.0005909170878247124	-0.0
SRR17307269	-0.27154722385308255	-0.12335669934051308	-0.002916956641694055	-0.13968553836289052	-0.0251744485585602	-0.021093783431550484	-0.0036976713855688534	0.0368065944895701	-0.01261746497000606	0.032191672913295874	0.010909924669403196	-0.014596897323037017	-0.13731593230630967	-0.07977849872699252	0.09411477147770916	0.04870762638007906	-0.0012168581091137243	-0.011072434674195908	0.03045532294978801	0.020541754221774153	0.024430762271063666	0.024110094740901016	0.008100838374965724	0.030047401201910115	-0.0074197747649961425	0.008584012422090892	-0.006105930064010226	-0.00831706093840614	-0.0045591136432477815	0.0005035487335653922	0.005224130867035625	0.005569451823828634	0.003700595095900484	0.0013599705243997038	-0.0015276584471464376	-0.0
SRR17307273	0.3927278822929737	0.18802604103885223	-0.10404759525629335	0.04409365556423299	-0.207119959111865	-0.10116945488499302	0.03120860380905681	-0.007498146117059499	0.011529755308915757	-0.00881487711472636	0.0216045111468629	-0.013613058374945992	-0.008900789478854669	-0.017934360390157732	0.002517142778027395	-0.010557031368816984	0.009323789550311498	0.02289309603276367	0.0011246189651983299	-0.06630938658270322	0.06716773511631033	-0.007997977505308073	-0.014446538649186434	-0.01893059024847704	-0.011261920786857425	-0.024729722610366742	-0.020443307502954786	-0.007825363520058174	0.021664112988560323	0.011126972648768548	-0.048615882867401504	0.017901524420706832	0.021240012632541275	-0.003738609236548848	0.0020870841637281863	-0.0
SRR17307278	0.05316947755072464	0.0154488320285722	-0.21664538002790878	0.10605357573423639	0.18944758122968763	0.07359762296443767	0.08338027314309177	-0.013313126215739246	0.07298211203213895	-0.017496060881996643	0.0325847738658138	-0.009852544291730235	-0.011847909054636497	0.013441630061103695	0.007705903682289801	-0.013349297813775137	0.014049464406513626	-0.011653998479153887	0.01214065893577529	-0.015739591283476614	0.033268278990663085	0.03493035392059256	-0.018819350709833916	0.02935152714152133	0.02929329435533818	0.020351763092212642	0.002013981541127627	-0.01986277085366443	0.013266105267405903	0.04440928025924457	-0.014669890735681385	-0.044453042027380374	-0.015572986151078586	0.0014825321976827887	0.002615972756473387	-0.0
SRR17307316	-0.26796208839174607	-0.11208694572138998	0.0006644969499653083	-0.15433553109252277	-0.03995104891375784	-0.008897047962469365	0.03049685099070393	0.0734469234658158	0.06063541364620574	0.09896648790778863	0.00327529282381124	-0.00881150340510767	-0.03761730903351097	0.024081195803100332	-0.046286431115023084	-0.038222475120111045	-0.06359085559953993	0.11102388811130548	-0.014214820247858098	-0.02520239213092173	-0.029962526273775335	-0.007503923467150825	-0.008793037632652309	0.011195400206028678	0.018281598017620793	-0.021998200957379168	0.02405212147659543	0.0030348586570238395	-0.0017221256651406111	-0.0005199046861343019	-0.0010809714555247583	-0.004022281178495233	-0.01188358320881909	9.781590653804196e-05	0.0004368084517847667	-0.0
SRR17307364	-0.2710494920293656	-0.11558626771936814	0.0002385554086599977	-0.12459263242239085	-0.02668329279034531	-0.006838477054761786	0.03481646943649713	0.0881489477718604	0.03814732295716334	0.05551853901869045	0.06320690020362055	-0.08480767788519011	0.09304705909589976	0.057811887019803596	0.037335824369469875	0.07132160970530538	0.057341413167464696	-0.028655545671596932	0.029286142085939035	-0.015343163164093352	-0.02752067960132286	0.004055856557013934	0.018776885247745484	-0.011010945976208452	-0.021707080075714775	-0.006187809558378006	0.006979659982226689	-0.001446216164873053	0.0015754224633058192	0.005163262902697858	-0.0038951063390247173	0.004135798793625917	0.005992903090314222	-0.003211371964117305	-6.756193985986582e-05	-0.0
SRR17307380	-0.24217054846839384	0.06123466757916839	0.12308612977613732	0.23086729951099524	0.043267029552431883	-0.052515244969876196	-0.1293642312803335	0.05262475702480455	0.038065715781701294	-0.029939082585862514	0.03937254480959618	0.02447102716985873	0.03846115366905701	0.026201615870659396	-0.015006885654552495	0.02828188617169979	-0.04556287095212223	0.021743693501026784	-0.023790283915092626	0.008630491480200354	0.0816486133440213	0.06523347196024364	0.027817770225415886	0.03164407631390911	-0.019555894550533418	-0.011472346008574722	0.005627541393663703	0.003894121542338231	-0.01585405944440506	-0.004119392928459777	0.012157442480934042	0.0012416358086439418	0.0025511084869781217	0.0035532112460215605	-0.0015650158192034803	-0.0
SRR17307392	-0.2627733729522006	0.0017026353736588676	0.046353240096814526	0.2153325900318022	-0.008666231022318897	-0.0033217292190723174	0.07574187740413127	-0.07214739229785298	-0.008995942432893205	0.028557836045791034	-0.007706251340953331	-0.0018154144662104188	-0.007453984500070224	0.011323743678875358	0.05491417856358176	-0.03387035497209551	0.01038788229862291	-0.013352035257032498	-0.09184704208387101	-0.04998064126823482	-0.04873983062903648	0.005011301491811777	0.04560939214445984	0.04310809999302052	-0.02439583775143408	-0.02991706728745856	-0.03873314800612629	0.01312043590918522	0.012381234975805108	-0.0010262387498984856	0.01600149680435666	-0.0015450868626657255	0.0013540844946529108	-0.002379142136666815	-0.0010323383559606605	-0.0
SRR17307400	0.49787024630040866	-0.3073587574488514	0.25033894059733636	0.009766370692645776	-0.02795262537632134	0.0672619525412144	-0.023360480232567232	1.2026287962298356e-06	-0.013083372198802293	0.014124411518279801	0.002002846818824608	-0.01507365621425039	-0.012448623172500057	0.0011825350833549232	-0.005014371064524244	-0.01407190986348501	0.008815987999774316	0.002091506015380354	-0.014023911219597656	0.006235729112186048	0.0211964375262967	-0.009957729275884673	0.016859738949170425	-0.009186201419922898	0.0024332549817392213	0.010402534042837346	0.0038547637159587617	0.0014360332958268764	-0.020643248729101858	-0.010412207236732264	-0.012437785889199955	-0.038833725431852595	0.015123244255166497	-0.039601312246102235	-0.002363672454278331	-0.0
SRR17307404	-0.2574374855092119	-0.11465113247211837	-0.0060993547438628545	-0.164368946912819	-0.004306364676895146	-0.025343055765276172	-0.05865624297134773	-0.0471386893168995	-0.0077533977916965004	-0.10320321712594384	0.09918742159472584	-0.005175446591004455	0.02849059626622736	0.013661863322679215	0.061683035107101165	-0.10810478574492483	-0.007477255679009349	0.01113164209531952	0.05160618183502319	0.009360116258469992	-0.018868099494163647	-0.006082935754896518	-0.017257328783189745	0.01413779870910314	0.023720674438865715	-0.03046022355058973	-0.007331469670597979	0.0015137519147817512	-0.010322310621306712	-0.0040233758851181255	0.005027176581433477	0.006408635581734612	0.0012397566612003899	-0.00437442671860459	-0.000410501889143883	-0.0
SRR17307406	0.3380595401034408	-0.14630516591324588	-0.16534315459893728	-0.008232738586328944	0.07603927579081735	-0.13650595331451984	0.022610793858550114	0.01674088093128127	-0.023085560813085045	0.003938228609067512	-0.032140537776448964	0.047212138420128905	0.0345573535788389	-0.04212883192052625	0.013045832259798239	0.011191033478828402	-0.034167941554101695	-0.021104338008808374	0.013165376713423722	0.005351181179540216	-0.042342771574356834	0.023932432758714543	-0.007794151069258101	-0.006683205049352835	-0.009923119195605928	-0.0387160875224283	0.03679230152873964	0.002993948456610189	0.012622791318619124	-0.02379034378822591	0.007603928921922402	-0.04454866951653245	0.03184470932151555	0.007285771235390697	0.0015044676888469738	-0.0
SRR17307409	0.08660599993362036	0.012321361630016995	-0.23787853173365656	-0.01735782706572507	0.19889247905205715	0.07474499452600954	-0.033681577885472304	0.017946401846683325	0.027700058490379223	-0.01034895341508691	-0.02754579021008152	-0.030507615486900775	-0.04421087561143163	0.04199489570437147	0.00578639290390738	-0.019923703261763695	0.015908977628868302	-0.0003264030380573476	-0.013779152040226736	-0.04112610339367426	0.00760262470780175	-0.004644572560275389	-0.008027408668351742	-0.027059155936724727	-0.014484222817114013	0.017533922702164605	-0.012596947011945232	0.03387609671314263	-0.04879804512144018	-0.04373204701303327	-0.009681940868739268	0.01547248668676675	0.028414695499200046	0.0094098464264715	0.0015347007770295195	-0.0
SRR17307413	0.531727487330094	-0.312481417890335	0.21333451555985475	0.028189547684296594	-0.024238466751317644	0.05572975500462053	-0.011105661854038239	-0.0035628726995389115	0.011578660497581085	-0.01364357510425723	0.002035287771519936	-0.013497205535014966	0.002945629456207799	0.010514651587605372	0.011635149115363126	-0.0015721938339817913	0.0017974796019483105	0.006724849327085324	-0.002424933202280867	-0.017227010495232595	-0.00303067634726775	-0.009161690453485848	-0.01593157982570908	-0.00988313203241458	0.008647384540983882	0.004321134171756646	-0.0032254278531296528	-0.005928151670102952	0.020795277284620016	0.0015273720546386553	-0.013036815204313677	-0.004286057481740117	-0.0021138646640713322	0.035310603900734934	-0.009648629868632541	-0.0
SRR17307419	-0.2589963038840713	0.012007433629680776	0.03087701909490399	0.19020078877958885	0.006146152632572794	-0.00756522086574606	0.0469458795457435	-0.07338017888766335	-0.045111360076168186	0.04861251388042502	0.002007074370861385	-0.007032625054871171	0.02251236255845209	-0.01676687213204611	0.04815045688929632	0.02851810662280333	-0.023265339534383752	0.007733030244154197	-0.00947802194781993	0.027623816768517415	0.012532756096607676	0.02256322366102068	-0.005977282133991816	-0.080156710813324	0.07027365543878476	-0.017636145161032773	0.01982514506576473	0.03623787203363701	-0.027645366552905525	0.006597458102784133	-0.01750129963145262	0.00897565136078865	-0.014896629842289837	0.00064870241293445	-0.00020000552847556838	-0.0
SRR17307420	-0.25090774249949455	-0.09409532707563621	-0.025199733084442594	-0.14424311363738393	-0.00539341513823826	-0.0026536842252356477	-0.05149334088222952	-0.10037073651540349	-0.07471433503619229	-0.045601675874396896	0.030855809060435623	-0.05701108269237065	-0.03899285274988116	0.045780885163956675	-0.06878282983243168	0.07688769978279984	-0.08012258819982594	-0.04818657559509874	-0.018632717380269583	-0.040445756592461475	-0.0208472809093907	-0.0011755308165842628	-0.014220792379751454	0.008775522626602986	0.008771069096084345	-0.00020363178687578788	0.0014051650150941387	-0.011221835741963447	0.010516223398465847	0.002983513656181062	-0.00958940477745828	-0.0043769163856060365	0.0005091356293983802	-0.0018839749823037722	0.0008621745200372414	-0.0
SRR17307436	-0.24548377422398512	0.04839938892873984	0.09653142037813543	0.19997477322328278	0.02992249069756335	-0.026482281522547745	-0.1211428961263589	0.04972666365630747	0.06687107674376735	0.011156839699178297	0.022983644988343935	0.03469463560958428	0.015081233876482674	-0.07162567046736637	0.017383138056710833	0.0044926064367816565	-0.012701139003927591	-0.027952078500485665	-0.025308932405022945	-0.038591163271963165	-0.061471091480063404	-0.046649718954532786	-0.057214288440014985	-0.015575349330463893	0.007388628883305011	0.05105512202641007	-0.0016184742460264806	-0.016544420563481863	0.00017755713889620848	0.01161204144306829	-0.009994491267690598	0.005482395854486167	0.0012030303151983961	-0.00553825803587525	0.001228683597990659	-0.0
SRR17307475	-0.2732103836224056	-0.01686958482440054	0.05598772726178029	0.13756358634872062	-0.04160408505049526	0.019700614446444976	0.14353476096981557	0.02789060664172853	0.031176824418797718	-0.08221925463806222	0.0693840679101791	0.006484598414736387	-0.02910231130894144	-0.05108512074394788	-0.06224470863200806	-0.003947449648098459	-0.018407425759122898	-0.022837102829050573	0.021884600200400787	0.011858933506051031	0.00295111561452383	-0.04729746451701812	0.02487233124285632	-0.0312722763087471	-0.05925837398015908	-0.00566842435845242	0.02208392411656238	0.023083222649504107	-0.01949812418858529	-0.002295389801290856	0.0051941323173778555	-0.005701002263286138	-0.010597063814012148	0.003956501981653703	-0.0007248611930005119	-0.0
SRR17307492	-0.2506342569037969	0.012302620259810947	0.032115635320443266	0.21023292984108	-0.0023555552824204217	-0.00928053271445739	0.030372995438557444	-0.08703796390872046	-0.0699319631472398	0.06315741159447345	-0.038234779357928406	-0.01832146529601858	0.025398049467404676	0.04003348862384548	0.02316221378588603	-0.012130810015348782	-0.00811544331997832	0.03744938119595275	0.0603873684879448	0.018341995947278464	0.025314830178957932	-0.03146457802195301	-0.05661143927711668	0.03324650274802368	-0.05801736488925786	0.03811485198367144	0.020301416066540914	-0.02152725414796753	-0.001389373517142645	-0.019361045738801742	-0.0005811984457110053	-0.0029845411050437743	-0.00046747828830901426	0.0009394111743977508	0.00029490600659905485	-0.0
SRR17307525	0.0969708103418778	0.14632900215564212	-0.13589352318601686	0.12899260625897485	-0.12489621960491035	0.0986204208117416	0.045253545002408774	-0.03487309281172525	0.045733825382451	0.047688176038809586	0.06324763233894849	0.03704896005186953	0.0016702720557704763	-0.01024786344406368	-0.056131962278918854	0.009627301893276185	-0.0042789252199056434	-0.013850152836223486	0.033055461828367966	0.04183341738887664	-0.03133444398617991	0.04113741505505083	-0.004322476449853903	0.01977050207848769	0.03902530652657718	0.009262715212080889	-0.020243480619405698	-0.018650067159914612	0.009973126910344028	-0.028061750287099143	0.015180406704020542	0.02306570231842298	0.033315717455987666	-0.004100571018812411	-0.002467262581580115	-0.0
SRR17307527	0.1211324253859836	0.41731853600966656	0.23164921012836556	-0.13370635999699507	0.13448101405828525	0.014866975653190397	0.018958314083948363	1.2890585476497946e-05	-0.002189173707513946	-0.02037152406399053	0.00033100701744423716	0.002080844297115087	-0.0055437895165175175	0.005967568850196192	0.012314446517340288	-0.011078788877857836	-0.008797772290491616	0.0041316842530324345	-0.004114033831456555	0.027751793048498348	-0.020534696260083203	0.02010855712263527	0.014105770618100859	0.020487614726526385	-0.009240710014504442	0.032021109958744694	0.0453340539951576	0.05368737544309663	0.05484300079971208	-0.0004719145932465394	-0.030628690284434032	0.019457646997539393	0.009003349219323904	-0.005493767601239978	2.6026083869721692e-05	-0.0
SRR17307530	0.4100963865146316	-0.17987136468393186	-0.14618294684954117	0.0003429219597507708	0.09536552948205745	-0.09353938790550906	0.038404287173981935	0.008302261113941146	-0.009501899937818746	-0.010250374568416636	-0.03600129209376901	0.03690833331108544	-0.005704074173145785	0.016777895697469434	-0.02603894172218297	0.0030573960632330173	0.010185040722849516	-0.012976186135046903	0.023217736693851646	-0.029274162948030383	-0.020208622101049064	0.041803827094588436	-0.0331310767950508	0.00284416979861256	-0.019747252769605372	0.003275978893589089	0.0020418143090922183	0.011909886760171033	-0.014027643481308293	0.026203213792484116	0.01864007321985112	0.04309148508783753	-0.027269688018830587	-0.01911836492912429	-0.005759801462064059	-0.0
SRR17307534	0.07488020049148934	0.019464841371074963	-0.23622810657835136	0.017035968459603333	0.19154007009728224	0.01903534392606574	-0.04241872337787365	-9.765177019293739e-05	-0.013021026412298955	0.001762679244306932	0.023059089655436415	-0.017630876171554333	0.003969675612040037	-0.014959879661506442	0.010985335134504413	0.015849913902330176	-0.010728455769175839	0.04157029685982522	-0.020814330233696485	0.03578596314471621	0.026423106366875056	-0.05747486547947299	0.031529493165105456	-0.052156330167419815	-0.008842323412431581	-0.01833633006321901	-0.016420257246174103	-0.034364951737404566	0.05675791129152346	-0.013125253674116048	0.02286830641660075	0.010830907038182234	-0.009802753584503361	-0.009578343300616618	-0.002155556846370629	-0.0
SRR17307540	0.5602441746466231	-0.31680131507332016	0.24614378801680956	0.047429045185049014	-0.01641495825838771	0.06575789697281527	0.00037907968168820517	-0.00789429052683882	0.01172222810955988	-0.004437087840184846	0.009642708465581204	0.011346093611380158	-0.012323215202987079	0.010150195018767547	0.015017660375928693	0.01058079094245832	-0.005637111414081698	0.0020434614430106064	0.009842965734023306	-0.003280454307452967	-0.000731488866288396	0.020593965534014658	-0.009237698377100267	-0.015559892974545153	-0.010284171014701879	-0.012526290407202958	-0.0006780447455444777	-0.003080163410318765	0.015776983875605874	-0.0009202847365395845	0.03408351047496097	0.025903608904398075	-0.010673782620517767	0.005949433993748638	0.011600706871604208	-0.0
SRR17307546	-0.2550454933910188	-0.09288792190354227	-0.019076582621244176	-0.11748433953146735	-0.008111220268574632	-0.003083949573948897	-0.017951300870759447	0.00018972646540019582	-0.09812217102533177	0.01594680422370919	0.029104905101488762	-0.04853460087018153	0.026236725626232145	-0.08700301396455401	-0.06731620440615459	-0.04720504624948901	0.08186177459166229	0.01881460708060119	-0.051606155035096565	-0.005190223660624942	0.01545427950945817	0.05889880139716927	-0.021374862450507515	-0.01268330038493914	-0.008544775732655073	0.029512337323638255	0.0070194267983344025	-0.0010968772627920574	0.007431797501126579	-0.004921202304871987	0.013293732458794876	-0.004402037450270798	-0.0027946586069538958	0.006281836871160095	0.0008672912297559687	-0.0
SRR17307551	0.39645637269479905	-0.2114198656186468	-0.07913836846778353	0.01729734895237145	0.0690245792790302	-0.07407217203139205	0.002230510157621128	8.495111028320282e-05	-0.034578343561790355	0.021171493876428703	0.015190352436309505	-0.02052063657750042	0.03254131362023946	-0.029910549426229446	-0.030091640718056402	0.005393612057433028	-0.0009878634156625494	0.005751664331776588	-0.016425945102734485	0.061925848698748794	-0.006611446068136593	-0.058426079977713374	0.05078548967179334	0.06919633348249837	0.02545928299762609	0.017814840709182305	-0.015330021639643735	0.004150660490974711	-0.032552792442116014	0.01921671510545937	-0.02716525501108051	0.02056201013094463	0.0008588705594604355	0.008420817864355397	0.0027464867370679707	-0.0
SRR17307593	-0.2474857005189624	0.039730876105116615	0.11101444613568427	0.23761483200553038	0.017967378220623432	-0.07990372290070039	-0.08603470529370941	0.013318416110620871	0.0044512234746731565	0.002061296061434493	-0.05869424771948165	-0.03520403335115767	-0.07473061059244919	0.040888796917577866	-0.05943701372280658	-0.023066906345487654	0.07983675282447668	-0.014323949933640523	0.06299813241329381	0.018241766923412915	-0.029226967135948575	-0.003940297579767417	0.026596170075199727	-0.012859101837605042	0.02406480963397142	-0.033409633419690395	-0.008546939339995448	0.004077790206181994	0.018224646376244436	0.0063417848186047504	-0.0046033261377213044	-0.009860540310028296	-0.0007241439183233154	0.0021618161630420963	0.0008242353285269704	-0.0
SRR17307610	-0.2836721135140144	-0.036247164438109845	0.034092378607904095	0.013700175589829723	-0.03128784382387152	0.04063655088333197	0.07195084324950425	0.10695127954054674	-0.025684212833287198	-0.08630688897864848	-0.07430876822649995	-0.006031323820585945	0.008987619823503911	0.020019555622970833	0.0022565735131128144	0.026006970910192388	0.012915888303742786	-0.0017536660801068776	-0.05232154542626785	0.05597140575771409	0.013596419469134641	-0.0182710157151703	-0.08296233352124484	0.027498625858449078	0.02339312213124059	-0.03943045092037283	-0.018694505960610473	-0.0004719878134528321	0.006756384149257488	-0.005355819027345315	-0.0032807780723093727	0.006058268057102984	0.008496441673127882	-0.004618539313662385	0.00019264777963788924	-0.0
SRR17307628	-0.2591596471052478	-0.10806711740640298	-0.0032724910913849363	-0.17116988394305466	-0.030845831745621926	-0.029706555064411645	-0.0035893219583315703	-0.0680501851389436	0.011148144627903103	-0.022646239542535532	0.027796767079049173	0.14863907213272468	-0.013395690962643496	0.04944357007889069	-0.00296449328504511	0.061954985789630136	0.0803653273885815	0.05224314439515558	-0.01907248681713594	0.00195599134080573	0.003806161922668708	-0.023954046378052995	0.005142768894718099	-0.009062168085319794	0.0006671815580027662	0.021264066312590833	-0.004079478363521328	0.010283924213695513	-0.0020393357522679274	0.0042377848463693605	-0.0017781307535339411	-0.012371816427182668	0.004623389789711738	0.0028872703295563804	0.0006545529445364714	-0.0
SRR17307630	0.34267211617879795	0.20351669419361673	-0.11096638584714831	-0.008202337210315927	-0.15834527093966383	-0.06860690053376732	-0.0018754661295059334	0.019009383371029122	0.03024926967219129	-0.027741036237709724	0.0021048532509927867	-0.0189603523716812	-0.005947329244041127	0.022755567538660024	0.019286314159002945	0.005295775236327938	0.012489690646809784	-0.022946932941508656	-0.019840705203554944	0.0031104510172834904	-0.0010572565002508836	-0.0023285561374052697	0.006961423051237653	0.01535634540758244	0.026824177778420166	0.03486141103815072	0.007920095703705233	0.0020765651773650235	0.0012541105741698184	-0.06575881853986693	0.0038861557806250105	-0.016430740171831312	-0.05202877769628622	-7.10119385720743e-05	0.0006047429887694899	-0.0
SRR17307632	0.08430046947382129	0.1309180002862735	-0.158483383811112	-0.02336669700769403	-0.07420298213296479	0.1437098140734772	-0.09247641442675159	0.026214096144361803	-0.056800495818201006	0.015348057603704883	-0.020536528543719217	0.04239366821469557	0.0259230127392607	-0.029694153093115225	0.0008689371664194405	0.014099227223465446	-0.013172342821139292	0.012308805785779807	0.03207221303891183	0.012445196148826726	-0.03818423369470829	0.023514344294860903	0.005284823996748659	0.0035635351834949263	-0.04774944426326764	-0.035938356220308706	-0.04041780289922742	0.021713664438330248	-0.0045497361642044595	0.007488642215749696	-0.03757658848018759	-0.014913715969140508	-0.028801643109261647	0.0007163097751479548	0.0006908681160338035	-0.0
SRR17307636	0.15470295085733204	0.42849583634225225	0.21877086581656915	-0.13991622890240032	0.10559425163482869	0.0012206811989122802	0.02790797144062091	-0.01843029826171315	-0.002425717554464742	0.01162641800710256	-0.002083262866792125	0.02129159606138634	-0.009218132251248826	0.003077662618599509	-0.002417236525916098	-0.007424726094555384	0.0197538233930713	-0.016333831937155055	-0.022779082281277473	0.007630067788155355	-0.016456880080416302	0.012208697241994521	0.006434846327091398	-0.011856463112804763	-0.012323061457184571	-0.0399347815519623	0.02116241421858556	-0.08521620808222055	-0.04352371504585705	-0.0043046497880642656	-0.01600653009241646	0.008051372619598532	-0.006871773938602793	0.0035686029803552195	-0.00022487275846661448	-0.0
SRR17307643	-0.25323092712405504	-0.12358879635949672	-0.005811176583305211	-0.17597690118002246	-0.05050593969063138	0.012727013863369259	-0.023467606307303955	-0.11886634542789201	0.15878505271937438	-0.02573936154637598	-0.1254988172092931	-0.03777002098028629	0.04693328833785914	-0.05892163731618632	-0.011388225135998681	0.006080551326917814	-0.0018154385186759986	-0.0024775584522462304	0.005218612277615116	0.01638092861666701	0.015179742316150425	0.00591929019744026	0.014118265386916023	0.001469569155810709	-0.011502025971106554	-0.0055029140940486354	0.0023358254377791278	0.00010597124616031843	-0.00047669332435858235	-0.00012096049444974988	0.00027485043901464076	0.006178806213172137	-0.001095209504350289	-0.0018891679908710297	-0.00016139423994129273	-0.0
SRR17307647	0.2948530053857939	0.2610587918239144	-0.10411600758630199	-0.04016580319166063	-0.15506670749903761	-0.035030444104998455	-0.028961427522750487	-0.00039526875313413107	0.011046096800347833	-0.011547442887356771	-0.007959546921204055	-0.04222506838088959	-0.02388715605122797	0.05207671739177232	0.020992007997135034	-0.02113714526953863	-0.024574542458933316	0.01056328882769538	-0.03674301497975672	0.0697265282325651	-0.02683140604073488	0.00944599964907249	-0.006115844116321155	-0.04059550017629555	-0.02965426293005209	0.036426569739248404	-0.009777132347688202	0.0032234192222154656	-0.016254823184771866	0.051168047114118174	0.0306547075211583	-0.015634839689566842	0.015196380334160046	0.00475622332255508	-7.686521419753004e-05	-0.0
SRR17307649	-0.265976593640567	-0.11776752862694885	-0.0012881213161431051	-0.16794992402139672	-0.022001041328236333	-0.0029271293429018607	-0.0022513370875859554	0.03323409417287266	-0.0054329584353399	0.0971448239470831	-0.016336586186218773	0.06860365250716403	0.006025801878958609	0.03926540668314021	-0.01411754272616346	-0.0733003187887751	-0.0293620515044881	-0.11484969514906679	-0.009565668572484507	0.01720810926637328	0.05939203697533232	-0.019455613914348947	0.0038977817692648783	-0.01695420208926307	-0.0020579833583746457	0.004841708319809786	-0.011935157165561242	0.004982041141476768	0.01570673563256213	0.003539255419487691	-0.003187258039768762	0.0030704424816713105	-0.004421863437662973	0.0038618021319787787	0.0002489879714901552	-0.0
SRR17307666	-0.28491060032437027	-0.051799098724996925	0.027030358056320907	0.00338293786273545	-0.036629568602167525	0.015317915954654824	0.06065895972645893	0.07085353978422282	-0.06745307430956447	-0.07150080382128796	-0.08510180239455145	0.02480259561389591	0.029969849801834304	0.007043404406459077	0.012872639918830591	-0.014762827886289095	-0.03805309640307191	0.02431279367822487	0.03554792458735645	-0.04020318869428515	-0.012445264265026082	0.02250771090476407	0.0698211203941447	-0.022664455107415507	0.026134072650436116	0.0596026158232017	-0.01919575483199409	-0.03646627848695292	0.002542026896856031	0.0015177346098594724	-0.0024063942549757533	0.004837918785186691	0.008031071320664163	7.74837125776867e-05	0.000739050153212624	-0.0

Biplot	0	0

Site constraints	0	0
