Eigvals	36
1.454692642149493	0.5234576490650616	0.29674089207618864	0.2113248737449571	0.1556912216646443	0.14069872104633235	0.12591748084004695	0.10809144770225625	0.10000743926316412	0.0855393941074488	0.07799915825338026	0.07332264252517694	0.06620339518212748	0.06067246587934148	0.058025045244603106	0.05433297518211457	0.05306525196461883	0.049910118887629376	0.04760770792406339	0.04242482858529641	0.03978145200290851	0.03821923417718775	0.03541085845993842	0.032069512556439986	0.030837895063223757	0.029177261390868625	0.02253300006544374	0.021466258194877574	0.02032592582922112	0.017685536664139984	0.01519454523667553	0.01362628831480341	0.01115303100951118	0.009912490147661022	0.00794637441448916	0.0

Proportion explained	36
0.35213501528842917	0.12671251776182976	0.0718315715225928	0.051155058801320666	0.0376879136751141	0.03405870412151376	0.03048063402257436	0.026165515990333087	0.024208633585892522	0.020706378089107014	0.01888112580500429	0.017749089462939516	0.016025745163704926	0.014686882356426345	0.014046025670500593	0.013152292444504977	0.01284541680518454	0.012081659017380638	0.011524318245616264	0.010269707311104341	0.009629829562168438	0.009251666105500933	0.008571847291907445	0.00776301327658324	0.0074648776895616725	0.007062890873474402	0.0054545256452350945	0.0051963012244766495	0.004920262875632742	0.004281108285808606	0.003678118156500316	0.0032984928259262762	0.00269979556591649	0.0023994999139717306	0.0019235655662621848	0.0

Species	0	0

Site	36	36
SRR17307258	0.07243047848384454	0.09011298256418734	-0.11766846431995337	0.03709829269659407	-0.03534965787324283	0.030461662091454653	0.04643124116426116	0.0016294646250809837	-0.02389315662810483	-0.022098216121320558	-0.05121727447290475	0.009279590005972385	0.006211963267501326	0.017259437390570526	-0.009475901130594263	0.0036285403337218873	-0.011830387013864949	-0.07817487212358622	0.012540733772498277	0.04798285212225077	-0.01922143919188704	0.07516254431264921	0.06850406168710658	0.027152690689051732	0.08219637140602429	-0.026493934134126696	0.01648683491020308	0.013988316616057284	-0.013944575900520775	0.009817692531349778	-0.008539752476908179	-0.008434493415670171	-0.017306772298249916	0.003557438030133566	-0.0038754535987346557	-0.0
SRR17307262	0.29121115744184184	-0.09833340656297244	0.16035895878341996	0.11639374590881751	-0.022506297289013127	0.04060413708415797	0.010614489480402332	0.032453490988213186	0.06622893309729178	-0.013246835265329797	-0.004950940599387299	-0.01790561038304588	0.010187213658507503	-0.025652061679766774	0.02111517517483563	-0.04277093442716329	0.032461057314935905	0.021894047514922202	0.033141119432960504	0.050925514275331804	0.04466584023932153	-0.03628782333923716	-0.01535475781349108	-0.05498971739892607	0.04806786552583336	-0.016631179825252713	-0.0012470849746999216	0.061539491865998816	-0.011339562001043193	-0.0019858252709135395	0.004431509083821796	0.004107364700139368	0.015749162679229402	0.006690193872569623	-0.012212737959009295	-0.0
SRR17307269	-0.3106877793930779	-0.08787790744704177	3.05098014393792e-05	-0.0019703497677818547	-0.044178755914802546	0.02273183039767488	0.025902119623921187	0.009508891956930809	-0.01563311034284988	-0.009536652982814245	-0.020094997059375258	0.02052665867395969	-0.04111309366828694	-0.01771927159458121	0.031741778277666534	0.04020838637826808	0.008514393153176883	0.012374373468962124	-0.03394739065971659	0.025959165343571757	0.01653114435381483	0.0002161105800140987	-0.011773067730690865	0.01918161253065257	0.001797118126680091	-0.00200926706637939	-0.07196763713627291	0.023357811169442338	-0.0083038487796559	0.015154976126754292	-0.04952208566861739	-0.037038950328857935	0.020095914246348497	-0.01346413838666346	0.031035013297153642	-0.0
SRR17307273	0.21925289693475702	-0.00909628682533227	-0.061159944499443744	0.06639448401957963	-0.012193883127417081	-0.0020993745687114774	0.12671761247976268	-0.02099299878274072	-0.10806951184938032	0.11622798991143234	0.07515839333827973	-0.08373802114551722	0.004165392982664429	-0.004027083876446458	0.055236742195488964	0.04798986383061543	0.02912982422497784	-0.05335903466342787	-0.004051569798724789	-0.0016202119096733543	0.006673983723309527	-0.05457303990903701	-0.007160546417006942	0.004593061740611733	-0.003945546321201919	-0.018778304505170988	0.0009266237038863432	-0.02081404788641889	-0.006699365009462055	0.019566608914938406	-0.0040408661419000505	0.015613059592725643	0.005501542366814615	0.003818999945267632	-0.0015345525340624444	-0.0
SRR17307278	0.017824724598787027	0.11556019255250533	-0.07279895189508392	0.001141598712173743	-0.012895686638902698	-0.03316163715573617	-0.07017873189747985	0.021559529130508393	0.02514520465617846	-0.020320061180521622	0.0037192751153941436	0.04707558705258029	0.09782733489365869	0.009660906584918957	0.03494306520449044	-0.036830012772120425	0.03281632738492457	-0.06316121732808716	0.047891745112608346	0.06318001203039497	0.04201550673399711	-0.0494337667245406	0.023480406720631935	-0.0041317864802335276	-0.04050791936251772	0.038259627612477184	-0.005106442137672215	-0.025938004069526756	-0.0044873053494440835	-0.023182993481841815	-0.019156223566501363	0.006070542272523719	-0.01622306064896752	-0.01310041755199459	0.017993179597266023	-0.0
SRR17307316	-0.3097555325033897	-0.13857047827705554	0.06049695385281571	0.010793337009897482	-0.040655532097775615	-0.07171416717779087	0.009402697457983828	-0.03666646064922143	0.018491976658558295	-0.023422349569402402	0.037059336085755	-0.02440667872756798	0.06435954728534109	0.08030001568487814	-0.08258193964549246	-0.004769893001438644	0.036134295735080035	0.02653998977362125	0.04173254083276719	0.013574442153314681	-0.040720613434311846	-0.0264910203216475	0.006804956477596714	0.004623203126580679	0.011231047824197735	0.013249760692875381	-0.003932669884469758	-0.017902767000515123	0.00868727261075589	0.05580016369606387	-0.01908067685682903	-0.014299660158232858	0.0005070606911972961	-0.001912527665629257	-0.026370730131714624	-0.0
SRR17307364	-0.1974093596981711	-0.019079305060951506	0.011194791889896673	-0.024649655703344247	0.07901115115955432	0.03505954610319064	-0.05690543222340605	0.038490861497892145	0.03407993882294905	0.08689884662851272	-0.02399782124547645	0.006653496600938412	-0.013114459615450878	0.059891748725548935	-0.02138642195807993	0.023917412713086807	-0.07132919983870688	-0.017501030835999614	-0.008967163550176451	-0.021716985613220628	0.03253701409850185	-0.028315837295169184	0.00584501630601487	-0.03345377613052587	0.02018843516930962	0.0036131120674939583	-0.04685542387567974	0.010532893566325694	0.004639456032212645	0.015560889449163725	0.0031105933975949856	0.023293622432086988	-0.043446025704077955	0.03494623913180461	0.0048688406055790905	-0.0
SRR17307380	0.07271207883927688	0.12138278574954328	0.15690308022846455	-0.07442514776321046	0.10697496490412908	-0.019198102114459954	0.06077311664927163	-0.07588705463599271	-0.030298420188070177	-0.03482366243729079	-0.0199779214175228	-0.03251605980291135	0.04401217750409779	0.006394487771453808	-0.029614067880647948	0.06464298690740727	-0.09481610827284757	-0.027771502776881344	0.00030917532391882836	0.07169086891761718	-0.03412141086027367	-0.004250976927436518	-0.025634123473361546	-0.005105195064476944	-0.03618677383627637	0.005020521142408866	0.009211638115368693	0.03379593444163153	0.02020961323549529	-0.018516486083875856	0.0026826425740130305	-0.006588191351296624	0.009571016768557906	-0.002744504995534155	0.0010812488176476056	-0.0
SRR17307392	-0.047511489286606604	0.2046462058580401	0.020745273070267033	-0.03559941558632032	-0.04250242294323752	0.008285132774148446	0.054679967549791916	-0.04876576448763938	0.027059413959557035	0.006845903587362058	-0.02809482867776151	-0.009549587603790426	-0.020675783209533245	0.0366614918025489	0.008129726919923306	-0.029100093997942222	0.055316488852273075	-0.011249495276143716	-0.02934000735390212	-0.059915574967683356	0.004885348404511336	-0.017921900619348428	0.022177885758263228	0.007781917522173841	-0.04029237661515834	-0.005613882114659705	0.0047603540249773835	0.029557682703013746	0.0021809939558204406	-0.04630877893257149	-0.034778715649826014	-0.02969647593991082	-0.006695186014305738	0.03254214178016146	-0.028334597047325362	-0.0
SRR17307400	0.2822462235871696	-0.16659488421950214	-0.04831438827118924	-0.10128921117576796	-0.0177012361930284	0.005995736923002927	-0.15491750334061757	-0.15547612857604257	-0.1487665121991854	0.015495373709023421	0.009239906536946863	0.06656054278987812	0.012482141432845043	-0.0006092486468685492	0.024256927707217615	-0.013278666183769576	0.0038114196847967062	0.045582787582121365	-0.013058895154195048	0.01090175383370495	0.002018991393172271	-0.0034097689548787478	0.003888203358326101	-0.006826107043386574	0.013255979462768614	-0.009505959831013037	0.0023861311009308094	0.014454664301793377	-0.005442425573220994	-0.0005437475448267203	-0.003045989381194143	-0.005020914822744086	-0.005797096526232788	0.009073717394958108	-0.006641064622854734	-0.0
SRR17307404	-0.19341344147272682	-0.039835738649757445	0.001939877357427898	0.012128211950061463	0.08540247436806131	0.0254834782683699	-0.08571794577448116	0.06559633975393798	0.03440840339666736	0.06433007192639004	0.021292108170663626	0.023433689629830647	-0.0018403846874638385	-0.007332917041013467	0.04241561847411178	0.046431417607576166	-0.04520618343178443	0.014284503267623686	0.04736293982038614	-0.023137508333723716	-0.04984046954646009	0.0012107364817641269	0.02209679265766992	-0.022936973205689208	-0.0038364326440445185	-0.03383796230777085	0.031674053973930895	-0.011201147923616116	-0.050709612312298855	-0.023405313811851146	-0.03567848423944742	-0.002040759874459683	0.020488380041970095	-0.019463936779226924	-0.019009634067621593	-0.0
SRR17307406	0.0847820157122314	0.023453151195722416	-0.08377495832509095	0.024181143484856855	0.11188987321256197	-0.08421721645244447	-0.030580686556571094	-0.01869505630791323	0.06828078911320466	-0.09539069008345381	0.09039738603897854	-0.017295944902410296	-0.05631998933792663	-0.004682418179548589	0.042021912623351754	-0.034438879191019255	-0.015527656366708935	-0.00015081249490232372	-0.05530116795495044	0.0013959756376910799	-0.03271414322715111	-0.04491441029911226	0.07259447975182351	-0.0022568992133289076	-0.0064524465019099655	-0.04184131992511473	-0.016560550515998314	0.006002937385263893	0.021187973296167673	0.015744216047940778	0.017912918846151208	-0.004129001684644771	0.0009789365070285519	-0.005271608001899411	0.003882184940442185	-0.0
SRR17307409	0.04268559872490483	0.09310670179779529	-0.12645623453208676	0.05550906366990982	-0.039636232013769535	-0.06769766427157975	0.03236928483267105	-0.04175486902437185	0.06130738232869103	0.05970307098690157	-0.027885842473145402	0.054160065026997446	-0.05648975509373525	0.027217166121413647	-0.009301381738466749	0.004607932266097064	0.026714089162946545	0.028161610980921032	-0.019968881488419195	0.047753920342021534	-0.03780064773984664	0.014895823322022793	-0.045874084979379	0.010896599884431713	-0.03821327104509742	0.006495288273109575	-0.022830581686814913	0.026385045872992636	-0.04456220882017386	0.003096154252064411	0.028442718142205673	0.02375173017373037	-0.019199202397952173	-0.026193359441855142	-0.015814134444434504	-0.0
SRR17307413	0.3060558996029068	-0.173455500070861	-0.09065953096501111	-0.16341956814449526	-0.12205946737265586	0.11511785010098867	0.03973317572588947	-0.006805772218263918	0.058905114533420073	-0.0988200111006081	-0.026247231164350848	-0.03171318537668239	-0.043053382568297056	0.01874141613315994	0.027679740262993857	-0.005813443749149547	-0.05178660734652197	-0.03506336975108231	0.05654140279858126	-0.03150393767195221	-0.016774359929676016	-0.015190359858260023	-0.02936598988282343	-0.009515537256293477	-0.023115844427916036	-0.005451101623247055	-0.013306604312516838	-0.0176117347445271	-0.004412760471904097	0.010389420397183088	-0.004421407386265134	0.011292902376047662	-0.003117705592037855	-0.006127758539395199	-0.006544153336809282	-0.0
SRR17307419	-0.039502325795124166	0.19965478677326465	0.03931177326187209	-0.04730132459158094	-0.024048809919132896	0.043728968459180735	0.054709420510744115	-0.023078164834076573	0.012131814212218832	-0.04037033744281453	0.04143109938457674	0.02260855674065184	0.0423374386715583	0.00598541307579359	0.04494678249084338	0.04815464695405983	0.013208014074394852	0.03472322742160401	-0.039691547653828395	-0.01025821396265883	0.01964587513662329	0.041571683943445556	0.0060482948026265755	-0.09113043769542369	0.015838313970035475	0.0257896244868614	-0.007887410080903693	-0.04396660964819166	-0.029613459558103083	0.012822702199429941	0.03152869727343038	-0.02804421731178965	-0.002576260119426409	0.0007345794566140841	-0.00223983636657433	-0.0
SRR17307420	-0.26698966661431484	-0.10938149468800817	0.014595985239939645	0.02528954315114966	-0.021299139971126396	-0.055769599893392134	-0.00022295701446985796	-0.004414287552051938	0.0021989907129730335	-0.014476076478807177	0.0018144790175948283	0.03288381599372984	-0.004055691195884694	-0.015014982315038452	0.036391283659648214	0.013633646269278994	0.024079038299639064	-0.01571976337253449	0.03419340827538511	0.028841592635556457	0.022616529492627224	0.0850988884691823	0.008071246017189608	-0.00982108340853009	-0.05376399332235816	-0.03967788492166546	-0.017625083606526096	-0.016452509481598848	0.030726962138089016	7.119917762079613e-05	0.010325743771724825	0.036822604809735884	0.02919126108568051	0.03773374804779229	-0.008727906127283943	-0.0
SRR17307436	0.031736216263216876	0.1420037815045344	0.12342518277063942	-0.06678742523150383	0.03973492171646701	0.031082068163156017	-0.07554001484247992	0.02827203043662617	-0.043728096048035875	-0.07025362275898	0.01071783193317147	-0.01156564120369377	-0.11028896540974238	0.007175765490687518	-0.055555920734451605	0.08434554659689561	0.09021631145731895	-0.013509133743702493	0.0197459153935446	-0.0030454096775023817	0.03454368282629645	-0.008752943580344775	0.018111729823194176	0.010379036320356994	-0.001834030622119998	0.018062594996257408	0.024231723824486184	0.00562919685345622	-0.012254735728930792	0.013882646486444957	-0.0038936425628519817	0.029443938526837396	-0.0016620079436253643	-0.008199990486441022	0.005034135400646768	-0.0
SRR17307475	-0.07765282187814886	0.1730510157886131	-0.015071273969440328	-0.03308893679242347	-0.07940321221261824	0.048931096840426874	-0.03607386977649031	-0.002134607905707642	0.0024630044486747865	0.020650651172533136	0.08590883772556346	-0.008963782840203296	0.03767545149566286	-0.11378541028647081	-0.11550674852379658	-0.020028270236076968	-0.00647722437070651	-0.005831904426119778	0.029849638269324394	-0.016925496326995082	-0.004910441074021983	-0.0015341442671264367	-0.014974263109315957	0.0076237930494238125	-0.009794424342925366	-0.06554626691292219	-0.02605434081347069	0.003243333761935237	-0.013326836716486398	-0.006323498041514906	0.014338192476808224	-0.008928847430558882	-0.008554706100652822	0.002609482015918426	0.008808353981582383	-0.0
SRR17307492	-0.003941636646072678	0.17740570515004866	0.09802051659470806	-0.04281044876302889	0.03234272574769013	-0.028269006762415515	0.010929595842716456	-0.01707508927407171	0.013685041574692927	-0.04464804099415653	-0.027713055643776675	0.00295221659608271	0.09683793866091532	0.00984065084673107	0.05435410012145458	-0.033391304145219076	0.008830513436734926	0.023643459916999315	-0.03465101195063237	-0.06539550360494754	-0.01297068047103317	0.012825905520331615	-0.04108233715197893	0.04160518165884911	0.03241110854822362	-0.027534765120663964	-0.0007048357659567247	0.008817543965464535	-0.015188285508287264	0.02223912390210005	-0.021158406143292972	0.05176560667439012	0.0034766034902780495	-0.0059162195576728345	0.013389686658002225	-0.0
SRR17307525	0.02638124950795797	0.09189962393096647	-0.11870469428869647	0.04946547446625374	-0.08547293420113067	-0.004789876447671011	-0.03599057556184886	0.01686082677373799	-0.016109333731030327	0.0023031622933041597	-0.034003966833320895	-0.11774350950623454	0.009345374821076712	-0.04419678573766301	-0.025105324998202682	-0.011622881944832691	-0.0677648751911368	0.08339686467518197	-0.03571274700168275	0.013919015988265102	0.03674090765505471	0.015430416188221947	0.052682456312632166	-0.0024308328901852887	-0.02364950590133786	0.04949606620830278	0.008148551744280027	0.002629024098953578	-0.0029260420889452117	0.009538874153740615	-0.021041361213479506	0.02478630432509791	0.012115132746941268	-0.0009536020714350815	-0.008333925256161202	-0.0
SRR17307527	0.26371372780004937	-0.07602908777013831	0.14869748523445092	0.15917101404517708	-0.004308229303177504	0.046469138481126174	-0.029238669785572848	-0.03870201851510082	0.07441289143110849	-0.010785147166913912	0.01610278784666177	-0.017885151993545758	-0.025080232599119606	-0.014844908648607305	0.014101756716423993	0.023379482687713213	-0.006174920194742833	0.04536278262845804	-0.01368056786821158	0.03367797359896766	-0.019823757074579795	0.015716393180523577	-0.023322138876298897	0.05727905099690127	-0.002187578847160855	-0.0005200188026529628	0.014098521471158606	-0.05968993501787329	-0.0033552728410154273	-0.01487733350774213	-0.01571193103283783	-0.012287185544735551	-0.032672189275163264	0.023699341367749118	0.011782217638037365	-0.0
SRR17307530	0.13097694966879855	-0.0019180770950515806	-0.07553343114951906	-0.023840521725046773	0.07039472899119001	-0.17367338228883528	-0.04538326907281173	-0.040474361556334354	0.03803887459095757	0.019496858959154505	0.040916395370082966	-0.07043079333644164	-0.046073986731767075	-0.010377087861907866	-0.011545902183270009	-0.0361255747934945	-0.003651350124673724	-0.04513770030059392	0.03635962455158553	-0.032217192131002	0.02138849286830006	0.0595654238871158	-0.0642959299107233	-0.024712561675008085	0.030278517983037965	0.03914644723578887	0.005958622531122538	0.0012779786813834322	-0.007869552305004161	-0.004060260773749917	-0.01773938706102096	-0.01966399627307386	0.005714929740152765	0.004635485269581274	0.011660474401259783	-0.0
SRR17307534	0.043593400723985036	0.0964681221474821	-0.12472374422859879	0.0419203042273966	-0.05270588689747704	-0.060244066797709786	0.050880082421907794	-0.01741669949223631	0.044137371734540944	0.019239065873703737	-0.02381094199885186	0.07948831169807298	-0.001785016139434988	-0.01579020362720523	0.014796738528632924	0.07390965996517665	-0.01662826713839679	0.06461170763407781	0.06916914609963176	-0.04026007266675412	0.019833209924619545	-0.02797170587682441	-0.0002233669758103494	8.610775548770152e-06	0.01299486598038114	-0.008816439395220912	0.04552977451740789	0.019622065842165387	0.05735322036972433	0.013193376671325049	0.0025268809887224837	-0.010985205112134024	-0.005080812849136612	-0.0007134933445473049	0.0179108122328321	-0.0
SRR17307540	0.33631971835494895	-0.22208809673890054	0.06081063080867443	-0.22630651957511855	-0.029222470972827867	-0.0949723065676179	0.04483994236512241	0.10638588365585153	0.06875591777007933	0.07423206477408185	-0.003907120679669469	0.025280294129434437	0.034684619777757386	-0.022025560058031326	-0.03512404294553812	0.020501330432521635	0.02751004095059989	0.005732623161309138	-0.06868701795659116	0.01377830856225889	0.002577757089205287	0.010299537961485465	0.03289388222490113	0.013043874236179349	-0.0007822491517581473	-0.0015326109118030992	0.017900012197462997	-0.00323730743521896	-0.0001208426462531112	-0.005871262180790523	0.0010218706356228005	-0.0024771111214352787	0.0017373997073330354	0.0014060600876205558	0.005879425658648453	-0.0
SRR17307546	-0.28106330913258365	-0.11291681917501814	0.049756128620288984	0.016406065964286013	-0.0034489911892721806	-0.0322084274917801	-0.00805875624452309	-0.010322407384908451	-0.028103742569744395	-0.009260842870909138	-0.06431400319398259	-0.043679614897935606	-0.008565989333449245	-0.035843285116057354	0.008480442386721566	-0.003923457371065351	0.009810538666497491	-0.017820854713027235	-0.04103668336197783	-0.005269273349152326	0.04627493937696187	0.005926601984680785	-0.02393901225498152	-0.028435608541716395	0.009467281934813164	-0.04636972669453812	0.011046875030709601	-0.023608276860231234	0.04439851676480056	-0.019684343981975102	-0.003072362287696229	-0.0013670934331431255	-0.0363548101604909	-0.04705642762313295	-0.02059373616030797	-0.0
SRR17307551	-0.03101848226802226	-0.13374588646924698	-0.20122090144529894	-0.013700259622883864	0.20132896801506675	0.13312927117161236	0.0462013893605095	-0.04129079033642556	0.044181895355591236	-0.006173167700726187	-0.019463051628096008	-0.018454866069908888	0.0500917245090962	-0.03518512098190606	-0.032020564367526816	0.021070755151080114	0.06546911655444308	0.02780154646023753	0.008081368398475565	-0.009276499818377493	0.004016662022342386	0.005066440061574201	-0.003504270566330592	0.024492367109438577	0.02127537041073986	0.031057064083693593	-0.022245776487751532	-0.0037363510540761435	0.015129679250370093	-0.025237539712295753	0.010835906024892098	0.005736154965255216	0.011298387477260842	-0.001576534553514781	-0.008047355446617284	-0.0
SRR17307593	0.07174130440262869	0.1290465469699691	0.13442730252381474	-0.0729584852376701	0.05749548739676044	-0.048962562847203794	0.03937046721652642	0.04205304206957797	-0.07072160124985752	0.04426647111553971	-0.09208934342762021	-0.011503075458722154	-0.04619225704929865	-0.03825502280729997	0.033127902880951	-0.0670112635363818	0.003788822133152815	0.04437249289477573	0.08261743145900967	-0.0008693345773788152	-0.031522140208859684	-0.011339564865092796	0.032148595653370964	0.02028409805350325	0.010335669136155782	0.013281884931380916	-0.04065502584915447	-0.031989456442674744	0.005203811556175683	0.0036655945196289964	0.024397180494117526	-0.014299365933393933	0.00019325100689590642	-0.002625876654865627	-0.0034640303710328935	-0.0
SRR17307610	-0.09626356372224584	0.1511118504571219	0.012948722424619063	-0.046939033206227554	-0.05796732476006542	0.0584943468313077	-0.02574322295745071	0.05998306745525399	-0.0013221366155062105	0.02732958688319463	0.10367104517146655	0.06231450496222131	-0.037934796313482476	0.007671811699259013	0.02045262964405162	-0.02581557690268456	-0.036336248816829994	-0.012563975056070749	-0.02991896773046119	0.028790110431414762	-0.0025004220329343714	-0.0044031215893436445	-0.03960625908889072	0.03733467977091013	0.05142336376104401	0.043743139934123085	-0.00342523471008542	-0.010552022746346737	0.05135274990314561	-0.014549398225377945	-0.0011832215081431139	0.008751761390801156	0.01961211441989749	-0.005276120034421152	-0.026524376806586706	-0.0
SRR17307628	-0.30076111726179594	-0.13262173865594118	0.027938223892838805	0.030840627550285313	-0.019075465888512545	-0.03968894173451172	-0.03494284442771399	0.018091153523459642	-0.005403961649275533	-0.04213903438110395	-0.017251731448415363	0.0010182865377546338	0.026677339928079226	-0.05886586335860659	0.045117285442538534	0.02750545573354603	-0.030171028235469258	-0.04716743777621706	-0.007858120127998715	-0.03403529745239781	0.0348803269854818	-0.02608571518541749	-0.0078009377848113	0.06797930585346158	-0.007594242677259399	0.03552591230415035	0.02008983808142073	0.02277758361014848	-0.03869239066822339	0.01586026064104565	0.048612175632839906	-0.0234020183095879	-0.0018375738682807345	0.011547862200084106	-0.015997782641829144	-0.0
SRR17307630	0.2100643001450619	-0.04046742892886519	-0.046293659882736767	0.07837128014493222	0.10207675433441604	-0.006483206929057167	0.09729435529342674	0.08536130764823459	-0.09110234433063191	-0.05718392852102852	0.01642421696100994	0.08519530877166596	-0.012172358162993554	0.04619373138303673	-0.06278866090083016	-0.0509574633969737	-0.04793145934518332	0.0236091283666458	-0.008924898321256378	-0.013063807108281773	0.07068147182634779	0.005742911327685718	-0.022195172901617165	0.010070234828069893	-0.02880918827892931	-0.021982076402690842	0.010587470525038674	-0.016557310692087608	-0.02316373430699418	0.006063755021671874	-0.011338364854042228	-0.010497561420620135	0.0036124149274132647	-0.0008183407455742879	-0.006104001732786704	-0.0
SRR17307632	0.04713806614895859	0.06765190753516792	-0.0852357381054154	0.073408382718198	-0.032588022373015425	-0.020204696516104587	-0.07935526649104467	0.02437942216113435	-0.007612064829849457	-0.011285917381556031	-0.12629593391788888	0.007784337606810282	-0.0064347254761359125	0.010246463322862354	-0.0494861476474956	0.007104972863526819	0.011215310169429567	-0.03775505327911537	-0.05677794557157099	0.0016288681994091848	-0.0418364495683624	-0.055910827746150187	-0.037550672395036844	-0.027762869496471332	0.01950985680629751	-0.017322985746597686	0.009159744337128514	-0.03983148608634745	0.002585003440808192	-0.002839404631479883	0.013962380656499976	-0.005480977005212364	0.04074106736329393	0.01817179205963182	0.007609461160861105	-0.0
SRR17307636	0.26007862135423404	-0.06953826458957288	0.15371253127984802	0.1456711744428738	-0.021219764038347046	0.05376632840182992	-0.01420666008277306	-0.07178094992605821	0.024710920695202244	0.05608484133337439	-0.006971826931213157	0.05434126085468379	0.006812399758690759	0.001924154451010464	-0.03664087070237669	-0.014097515942700962	-0.015598983944251698	-0.0625778744168939	-0.011573207691341215	-0.07650340978626928	-0.007752566099324868	0.031231610828319243	0.04940226966852999	-0.007705265575761537	-0.025635469363314692	0.03779836268880016	-0.017560369348183433	0.004297549656508817	0.019482877509346432	0.010510897487831745	0.006523732116813201	0.00387097399891375	0.01755286595520933	-0.028981088748590542	0.006164729231673917	-0.0
SRR17307643	-0.3047471642889859	-0.13276916860204963	0.003021244777774115	0.02483577379228706	0.0012393490807932437	0.01830159858953484	0.08654732195480892	0.022575408320734118	-0.06035495699063641	-0.03187691065198681	0.015718860679225233	0.044536984405023516	-0.027658089344786	-0.08022713663650342	-0.0064593871661569385	-0.051258679737293415	0.011635879960727517	-0.00864449726512676	-0.017594986637533883	-0.0022321896881067403	-0.08113512194225389	-0.010045991086841684	-0.004147034683846007	-0.05042488143510491	-0.005365846747303825	0.048254229982251685	0.036312874921291725	0.0142269530634983	-0.0014783558142217595	-0.000791294386036008	-0.016737951624025856	0.02082797446821624	-0.023255672259165822	0.014775818552500692	0.015882371307346925	-0.0
SRR17307647	0.18335779083437853	-0.03387913906336153	-0.03746064219105683	0.07618495409549016	-0.03208757734580484	0.007055330042882593	-0.07170559018820018	0.15421735697555533	-0.08136232453236619	-0.03223656506915944	0.02577628673331827	-0.05587414920474343	0.04946179948759318	0.06359885035592698	0.02082558381273321	0.027931326596234474	0.030914279271662723	0.019649853758152955	0.006580273658397895	-0.028207362438326354	-0.05599132986290709	0.03889588557248208	-0.018932961407670104	-0.002562615084688394	-0.021839102473907974	0.004291428402273566	-0.019154332063686844	0.035223500043514974	0.025740930934279923	-0.02102001270654554	0.019789396232355115	-0.014780344369303358	-0.015097758258053741	-0.0037331561925626894	0.007168957504829793	-0.0
SRR17307649	-0.32819424697884286	-0.11918705036793804	0.035284794102122034	-0.007432085900041622	-0.07637673221588345	-0.02124067901027657	0.05207685337929761	-0.05421414221911213	-0.013771955777767287	-0.0016423270345637855	0.03185174754570303	-0.03161006323955488	-0.019432725713054665	0.08898968675288306	-0.02091100821850984	-0.020456426888909435	-0.0183416826454229	0.02866276471165356	0.014420657794623544	-0.008005102634058353	0.01591387694001855	-0.014730983784919691	0.026671893297710584	0.012071823737226746	0.03372029008738777	-0.005189484629230115	0.00989737985719964	-0.005902003259125311	-0.02197639916115927	-0.06605631613742895	0.03205536518505146	0.0158280855305542	0.014011486833476203	-0.0076215313742414035	0.02930488514078686	-0.0
SRR17307666	-0.20539048218982953	0.040830399282604644	-0.008543408446699414	-0.0626860832637748	0.041012333825546615	0.13989739430325196	-0.034711137071079506	-0.0014704532944600816	0.027629350439735176	0.07688643803893834	-0.008912160841633324	-0.04125777238337877	-0.014888176485201524	0.04668117086083871	0.02336909821735797	-0.07727302506857155	0.01799642178953577	0.0027557653822444703	-0.00979434316052718	0.029458009646693477	0.011194431173376575	0.022706988609229928	-0.014685243113522605	0.007801005712378365	-0.040185213650431956	-0.01842989417152695	0.05871237838183939	0.011631462848827151	0.010988510564155623	0.04227525773451709	0.01764292612221496	-0.022500255396250612	0.006727911960838005	-0.004192266463185451	0.020914031077151073	-0.0

Biplot	0	0

Site constraints	0	0
